8.638765849986665968e-01 6.364058588144906325e-01
2.618871096887922037e-02 2.665525593535484905e-01
4.634297909831710527e-01 -5.885025521912773394e-01
8.748274820581425359e-01 7.042814532823393758e-01
1.967437958750966331e-01 4.480861421831884295e-01
3.172028693887301021e-01 -3.596830952893567690e-01
3.939507600309077318e-01 -4.387269104882497439e-01
8.509725053309415976e-01 9.718406708501237112e-01
5.923835780260281458e-01 -7.313021266821109201e-01
2.179795372086685834e-01 4.744651904104705831e-01
1.704068828663639623e-01 2.986281773274466200e-01
4.635792169075709790e-01 -6.537980814512255323e-01
2.859325746752694464e-01 -4.814528166402861076e-01
2.594895416407591235e-02 4.146707640436439468e-02
4.545986468738218433e-01 -6.780550224822935457e-01
4.091376320166728586e-01 -4.200462781800792245e-01
3.181855990240354815e-01 -3.494569851775531366e-01
7.121447148137440841e-01 -2.318271894243831843e-01
1.387518697855673888e-01 1.626774512996587985e-01
7.401460972315151432e-01 -3.197514497788261911e-01
5.988962020626407978e-02 2.742868093217180059e-01
2.279998283057680097e-01 2.550096875498882865e-01
5.515948669651614678e-01 -5.259963435710295343e-01
1.465335580694681478e-02 5.083699670765438883e-02
2.152768825876652803e-01 2.410853926938838487e-01
2.489110145600755553e-01 8.050920416335004270e-02
1.771246519563002830e-01 4.865398557530490331e-01
8.951018672136605847e-01 4.828097860384312767e-01
7.302829988908938752e-01 -1.900709375538365831e-01
1.674274629417571436e-01 4.091579199652901067e-01
7.739987644507612119e-01 6.926344444061788286e-01
1.560655132525954059e-01 2.414197211497326190e-01
3.418324718202190304e-01 -2.005669664814566655e-01
4.228880511177843249e-01 -6.443365390524004033e-01
1.730545632901562270e-01 6.047270957126089641e-01
6.666817103568047909e-01 -1.195699196430210637e-01
9.089631010360471608e-01 4.245991267997010210e-01
1.789882172239267155e-01 2.561478237953120907e-01
8.310525157818750008e-01 8.461792951264477392e-01
2.383841793456513425e-01 9.924756708091159174e-02
5.433418044540190284e-01 -5.638397191477599879e-01
6.939785485789140562e-01 -4.811597779073726322e-01
8.433161630441378120e-01 7.930108385323759723e-01
2.494555199788805466e-01 2.109628707203398956e-01
8.929549060764973012e-01 4.625549801925037952e-01
4.702962203524796991e-01 -5.303492901844606422e-01
2.266760212437010646e-01 4.150113591100030863e-01
9.165484385485046515e-01 2.936379815383168279e-01
7.166808792244144799e-02 6.662086393620642033e-02
5.683146187656284987e-01 -5.725314199693010142e-01
3.309485525544559326e-01 -1.460249896636130473e-01
9.600037293660144133e-01 5.172853837291593315e-01
9.207609038696352721e-01 3.684477455824485825e-01
7.629601931735002784e-01 6.324064207257237280e-01
4.435685027783746737e-01 -6.392593593773138183e-01
7.185479313270037860e-01 -1.980778268635944583e-01
9.146434553528927092e-01 5.581895931838110059e-01
3.410624731783627461e-01 -3.150829361912613202e-02
8.693876812998987402e-01 6.637637657097693600e-01
3.409331032702907494e-01 -3.582012598424342276e-01
8.116826351252252048e-01 7.498844155175883319e-01
6.621977185723859627e-01 -1.172177005192405197e-01
8.112689351115990322e-01 7.866568519154676364e-01
4.251584734509163965e-01 -8.605769882110940738e-01
4.219917463700649796e-01 -6.952427677177236420e-01
4.001622660997023462e-01 -4.281597619557792056e-01
9.131049049766933878e-01 1.622105027801092336e-01
7.084740369330110032e-02 8.157857796844031339e-02
4.994664668138926178e-01 -4.895741066752840043e-01
3.145672666285208308e-02 1.665905660473412653e-01
2.346511388317076008e-01 2.727531632459476718e-01
4.903090496893525163e-01 -4.793041063926357648e-01
7.003757638266219221e-01 -1.196799148183754491e-01
4.033639285651594020e-01 -5.011828702581404560e-01
6.621530844069303257e-01 -1.791972750488335930e-01
1.438299462914272298e-01 1.476558423575723700e-01
9.432970773946310894e-01 5.068464321902508285e-01
5.803691372187588238e-01 -4.363205580261336758e-01
1.675320802108021812e-01 1.403020169684575658e-01
7.796278734830253132e-01 9.533186674205973432e-01
8.318451474148753910e-02 8.782443620490323899e-02
5.407547350954406973e-01 -4.420128889646721126e-01
6.882399025474539300e-01 8.072447636877422283e-03
4.126836543870767149e-01 -5.870757176716548953e-01
1.700340397689867888e-01 3.781624186845377045e-01
5.128211120868435557e-01 -3.023380036378907620e-01
4.054840444872671590e-01 -5.978805397357691565e-01
2.555791155288925087e-01 -2.664890119640450084e-01
7.016430038138347092e-01 -3.920266830706594513e-02
3.552057688934633917e-01 -2.187001987039615680e-01
1.012911984046978714e-01 7.039918622438266771e-02
3.493709690199515161e-01 -4.224871524777277232e-01
3.926843654506992354e-01 -4.747828221153538863e-01
3.209879196970232829e-01 -1.709693461634058664e-01
9.842975918251318790e-01 5.276385405865465783e-01
5.499012578966099296e-01 -5.450577409324022238e-01
6.409707238078202751e-01 -2.081217257884314664e-01
2.509750228087569424e-01 -7.724755539626568246e-02
7.713951745826215234e-01 8.203427493838301165e-01
8.518230322307071556e-02 -9.853872081887871115e-03
